 1.96430000e+00 4.59570000e+00
 2.27530000e+00 3.85890000e+00
 2.97810000e+00 4.56510000e+00
 2.93200000e+00 3.55190000e+00
 3.57720000e+00 2.85600000e+00
 4.01500000e+00 3.19370000e+00
 3.38140000e+00 3.42910000e+00
 3.91130000e+00 4.17610000e+00
 2.78220000e+00 4.04310000e+00
 2.55180000e+00 4.61620000e+00
 3.36980000e+00 3.91010000e+00
 3.10480000e+00 3.07090000e+00
 1.91820000e+00 4.05340000e+00
 2.26380000e+00 4.37060000e+00
 2.65550000e+00 3.50080000e+00
 3.18550000e+00 4.28880000e+00
 3.65790000e+00 3.86920000e+00
 3.91130000e+00 3.42910000e+00
 3.60020000e+00 3.12210000e+00
 3.03570000e+00 3.31650000e+00
 1.58410000e+00 3.35750000e+00
 2.01030000e+00 3.20390000e+00
 1.95270000e+00 2.78430000e+00
 2.27530000e+00 2.71270000e+00
 2.30990000e+00 2.95840000e+00
 2.82830000e+00 2.63090000e+00
 3.04730000e+00 2.29310000e+00
 2.48270000e+00 2.03730000e+00
 2.50570000e+00 2.38530000e+00
 1.87210000e+00 2.05770000e+00
 2.01030000e+00 2.35460000e+00
 1.22690000e+00 2.32390000e+00
 1.89510000e+00 2.91740000e+00
 1.56100000e+00 3.07090000e+00
 1.54950000e+00 2.69230000e+00
 1.68780000e+00 2.40570000e+00
 1.49190000e+00 2.02710000e+00
 9.62000000e-01 2.68200000e+00
 1.16930000e+00 2.92760000e+00
 8.12200000e-01 2.99920000e+00
 9.73500000e-01 3.38810000e+00
 1.25000000e+00 3.19370000e+00
 1.31910000e+00 3.51090000e+00
 2.22920000e+00 2.20100000e+00
 2.44820000e+00 2.64110000e+00
 2.79380000e+00 1.96560000e+00
 2.09100000e+00 1.61770000e+00
 2.54030000e+00 2.88670000e+00
 9.04400000e-01 3.01980000e+00
 7.66150000e-01 2.58990000e+00
 8.64050000e-02 4.10450000e+00
