 1.07143000e-01 6.03070000e-01
 9.33180000e-02 6.49854000e-01
 9.79263000e-02 7.05409000e-01
 1.55530000e-01 7.84357000e-01
 2.10829000e-01 8.66228000e-01
 3.28341000e-01 9.29094000e-01
 4.29724000e-01 9.34942000e-01
 6.20968000e-01 9.34942000e-01
 7.56912000e-01 9.10088000e-01
 8.19124000e-01 8.79386000e-01
 8.09908000e-01 8.36988000e-01
 7.50000000e-01 8.19444000e-01
 7.73041000e-01 8.54532000e-01
 7.70737000e-01 8.89620000e-01
 7.66129000e-01 8.99854000e-01
 7.79954000e-01 8.35526000e-01
 7.50000000e-01 7.91667000e-01
 7.61521000e-01 7.65351000e-01
 8.14516000e-01 8.32602000e-01
 8.14516000e-01 8.85234000e-01
 5.63364000e-01 9.21784000e-01
 4.94240000e-01 8.99854000e-01
 4.80415000e-01 8.63304000e-01
 4.48157000e-01 8.19444000e-01
 4.25115000e-01 8.57456000e-01
 4.50461000e-01 8.99854000e-01
 5.10369000e-01 9.37865000e-01
 4.98848000e-01 9.45175000e-01
 3.51382000e-01 9.34942000e-01
 2.73041000e-01 9.01316000e-01
 2.33871000e-01 8.61842000e-01
 2.15438000e-01 8.58918000e-01
 1.34793000e-01 8.61842000e-01
 7.48848000e-02 8.72076000e-01
 5.87558000e-02 8.72076000e-01
 1.00230000e-01 8.38450000e-01
 1.20968000e-01 8.31140000e-01
 1.32488000e-01 8.13596000e-01
 1.37097000e-01 7.74123000e-01
 1.16359000e-01 7.49269000e-01
 1.04839000e-01 7.27339000e-01
 1.07143000e-01 6.99561000e-01
 9.10138000e-02 6.54240000e-01
 6.79724000e-02 6.33772000e-01
 6.79724000e-02 6.23538000e-01
 9.33180000e-02 5.85526000e-01
 1.62442000e-01 5.79678000e-01
 1.78571000e-01 5.95760000e-01
 1.44009000e-01 6.42544000e-01
 1.09447000e-01 6.45468000e-01
 1.46313000e-01 7.03947000e-01
 1.48618000e-01 7.41959000e-01
 1.60138000e-01 7.77047000e-01
 1.23272000e-01 7.91667000e-01
 1.04839000e-01 8.15058000e-01
 8.17972000e-02 8.23830000e-01
 5.87558000e-02 8.82310000e-01
 9.56221000e-02 8.94006000e-01
 1.44009000e-01 8.89620000e-01
 1.69355000e-01 8.64766000e-01
 1.64747000e-01 8.44298000e-01
 1.18664000e-01 8.39912000e-01
 1.62442000e-01 8.83772000e-01
 2.36175000e-01 8.99854000e-01
 2.77650000e-01 9.36404000e-01
 2.98387000e-01 9.55409000e-01
 3.37558000e-01 9.61257000e-01
 3.42166000e-01 9.58333000e-01
 2.93779000e-01 9.33480000e-01
 2.59217000e-01 9.24708000e-01
 2.52304000e-01 9.42251000e-01
 2.13134000e-01 9.21784000e-01
 2.03917000e-01 8.91082000e-01
 1.92396000e-01 8.80848000e-01
 3.62903000e-01 9.61257000e-01
 4.18203000e-01 9.64181000e-01
 4.29724000e-01 9.67105000e-01
 3.90553000e-01 9.42251000e-01
 3.90553000e-01 9.36404000e-01
 4.18203000e-01 9.23246000e-01
 4.13594000e-01 9.01316000e-01
 4.11290000e-01 8.88158000e-01
 4.57373000e-01 8.64766000e-01
 4.66590000e-01 8.48684000e-01
 5.08065000e-01 9.07164000e-01
 5.21889000e-01 9.27632000e-01
 4.34332000e-01 9.33480000e-01
 4.48157000e-01 9.58333000e-01
 4.64286000e-01 9.72953000e-01
 5.08065000e-01 9.56871000e-01
 5.24194000e-01 9.34942000e-01
 5.67972000e-01 9.27632000e-01
 5.86406000e-01 9.55409000e-01
 5.91014000e-01 9.58333000e-01
 6.25576000e-01 9.52485000e-01
 6.62442000e-01 9.49561000e-01
 6.90092000e-01 9.36404000e-01
 6.83180000e-01 9.23246000e-01
 7.40783000e-01 9.18860000e-01
 7.66129000e-01 9.14474000e-01
 7.15438000e-01 8.92544000e-01
 7.29263000e-01 8.89620000e-01
 7.45392000e-01 8.75000000e-01
 7.38479000e-01 8.50146000e-01
 7.38479000e-01 8.39912000e-01
 7.79954000e-01 8.16520000e-01
 8.05300000e-01 7.98977000e-01
 7.96083000e-01 7.90205000e-01
 7.82258000e-01 7.63889000e-01
 7.66129000e-01 7.56579000e-01
 7.20046000e-01 8.42836000e-01
 7.38479000e-01 8.89620000e-01
 7.40783000e-01 9.23246000e-01
 7.15438000e-01 9.39327000e-01
 6.76267000e-01 9.40789000e-01
 6.37097000e-01 9.21784000e-01
 6.80876000e-01 9.15936000e-01
 7.40783000e-01 9.15936000e-01
 7.56912000e-01 9.37865000e-01
 7.77650000e-01 9.51023000e-01
 8.32949000e-01 9.18860000e-01
 7.79954000e-01 8.72076000e-01
 7.77650000e-01 8.53070000e-01
 7.70737000e-01 9.26170000e-01
 6.71659000e-01 9.55409000e-01
 5.74885000e-01 9.46637000e-01
 5.44931000e-01 9.29094000e-01
 5.03456000e-01 9.14474000e-01
 4.43548000e-01 9.23246000e-01
 3.90553000e-01 9.30556000e-01
 3.37558000e-01 9.26170000e-01
 3.69816000e-01 9.23246000e-01
 4.36636000e-01 9.10088000e-01
 5.35714000e-01 9.59795000e-01
 4.57373000e-01 9.59795000e-01
 4.22811000e-01 9.39327000e-01
 4.08986000e-01 9.05702000e-01
 3.67512000e-01 9.08626000e-01
 3.14516000e-01 9.20322000e-01
 3.32949000e-01 9.24708000e-01
 4.57373000e-01 9.23246000e-01
 5.08065000e-01 9.14474000e-01
 4.73502000e-01 9.49561000e-01
 5.38018000e-01 9.62719000e-01
 6.97005000e-01 9.55409000e-01
 7.50000000e-01 9.51023000e-01
 8.00691000e-01 9.13012000e-01
 8.23733000e-01 8.64766000e-01
 7.10829000e-01 8.61842000e-01
 7.01613000e-01 8.86696000e-01
 6.37097000e-01 9.10088000e-01
 5.93318000e-01 9.17398000e-01
 5.63364000e-01 9.17398000e-01
 5.40323000e-01 9.10088000e-01
 5.10369000e-01 8.83772000e-01
 5.01152000e-01 8.63304000e-01
 4.80415000e-01 8.41374000e-01
 4.32028000e-01 8.55994000e-01
 4.04378000e-01 8.76462000e-01
 3.65207000e-01 8.98392000e-01
 3.14516000e-01 8.98392000e-01
 2.77650000e-01 8.95468000e-01
 2.63825000e-01 8.91082000e-01
 2.36175000e-01 8.75000000e-01
 2.22350000e-01 8.60380000e-01
 1.94700000e-01 8.50146000e-01
 1.71659000e-01 8.34064000e-01
 1.76267000e-01 8.19444000e-01
 1.83180000e-01 7.87281000e-01
 1.60138000e-01 7.53655000e-01
 1.11751000e-01 7.47807000e-01
 8.87097000e-02 7.39035000e-01
 9.33180000e-02 7.01023000e-01
 1.25576000e-01 6.83480000e-01
 1.62442000e-01 6.54240000e-01
 1.27880000e-01 6.30848000e-01
 1.34793000e-01 5.88450000e-01
 1.85484000e-01 5.88450000e-01
 1.92396000e-01 6.25000000e-01
 1.32488000e-01 6.64474000e-01
 1.00230000e-01 6.70322000e-01
 7.48848000e-02 6.71784000e-01
 7.02765000e-02 7.05409000e-01
 9.33180000e-02 7.21491000e-01
 1.00230000e-01 7.52193000e-01
 6.56682000e-02 7.59503000e-01
 8.17972000e-02 7.74123000e-01
 9.79263000e-02 7.74123000e-01
 8.21429000e-01 8.96930000e-01
 8.58295000e-01 8.45760000e-01
 8.14516000e-01 8.20906000e-01
 7.89171000e-01 7.98977000e-01
 7.91475000e-01 7.49269000e-01
 3.72120000e-01 8.51608000e-01
 3.51382000e-01 8.63304000e-01
 3.05300000e-01 8.54532000e-01
 3.23733000e-01 8.41374000e-01
 2.89171000e-01 8.34064000e-01
 2.77650000e-01 8.29678000e-01
 2.93779000e-01 8.10673000e-01
 2.98387000e-01 8.01901000e-01
 3.16820000e-01 8.41374000e-01
 3.53687000e-01 8.34064000e-01
 3.53687000e-01 8.23830000e-01
 3.05300000e-01 8.04825000e-01
 2.91475000e-01 7.84357000e-01
 2.61521000e-01 8.00439000e-01
 2.68433000e-01 8.00439000e-01
 2.70737000e-01 8.16520000e-01
 2.47696000e-01 8.06287000e-01
 2.59217000e-01 7.81433000e-01
 2.61521000e-01 7.78509000e-01
 2.33871000e-01 7.62427000e-01
 2.29263000e-01 7.25877000e-01
 2.66129000e-01 7.06871000e-01
 3.02995000e-01 6.96637000e-01
 2.93779000e-01 6.79094000e-01
 2.68433000e-01 6.61550000e-01
 2.82258000e-01 6.52778000e-01
 3.12212000e-01 6.44006000e-01
 3.49078000e-01 6.26462000e-01
 3.51382000e-01 6.05994000e-01
 3.79032000e-01 5.81140000e-01
 4.20507000e-01 5.53363000e-01
 3.79032000e-01 5.29971000e-01
 3.46774000e-01 5.18275000e-01
 3.37558000e-01 5.25585000e-01
 3.46774000e-01 5.65058000e-01
 3.60599000e-01 5.84064000e-01
 3.19124000e-01 6.20614000e-01
 3.28341000e-01 6.68860000e-01
 3.35253000e-01 6.82018000e-01
 3.07604000e-01 7.30263000e-01
 3.05300000e-01 7.63889000e-01
 3.19124000e-01 8.09211000e-01
 3.35253000e-01 8.20906000e-01
 3.60599000e-01 8.28216000e-01
 3.88249000e-01 8.22368000e-01
 4.04378000e-01 7.98977000e-01
 4.13594000e-01 7.88743000e-01
 3.74424000e-01 7.68275000e-01
 3.65207000e-01 7.65351000e-01
 3.67512000e-01 7.77047000e-01
 3.69816000e-01 8.00439000e-01
 3.46774000e-01 7.98977000e-01
 3.32949000e-01 7.79971000e-01
 3.32949000e-01 7.39035000e-01
 3.58295000e-01 6.90789000e-01
 3.53687000e-01 6.61550000e-01
 3.67512000e-01 6.39620000e-01
 3.95161000e-01 6.17690000e-01
 3.85945000e-01 6.08918000e-01
 4.38940000e-01 5.91374000e-01
 4.22811000e-01 5.72368000e-01
 4.50461000e-01 5.34357000e-01
 4.64286000e-01 5.38743000e-01
 4.71198000e-01 5.91374000e-01
 4.61982000e-01 6.29386000e-01
 4.36636000e-01 6.48392000e-01
 4.06682000e-01 6.76170000e-01
 3.74424000e-01 7.02485000e-01
 3.58295000e-01 7.62427000e-01
 3.67512000e-01 7.39035000e-01
 4.06682000e-01 6.67398000e-01
 4.22811000e-01 6.11842000e-01
 4.85023000e-01 5.98684000e-01
 4.80415000e-01 6.14766000e-01
 5.08065000e-01 6.32310000e-01
 5.14977000e-01 6.49854000e-01
 5.26498000e-01 6.60088000e-01
 5.58756000e-01 6.67398000e-01
 5.74885000e-01 6.74708000e-01
 5.93318000e-01 6.76170000e-01
 6.41705000e-01 6.61550000e-01
 6.78571000e-01 6.39620000e-01
 7.03917000e-01 6.16228000e-01
 7.26959000e-01 5.86988000e-01
 7.38479000e-01 5.57749000e-01
 7.79954000e-01 5.28509000e-01
 7.89171000e-01 5.27047000e-01
 7.84562000e-01 5.56287000e-01
 7.84562000e-01 5.97222000e-01
 7.50000000e-01 6.42544000e-01
 7.38479000e-01 6.61550000e-01
 7.29263000e-01 6.73246000e-01
 6.78571000e-01 6.93713000e-01
 6.64747000e-01 6.96637000e-01
 5.91014000e-01 7.06871000e-01
 5.49539000e-01 6.92251000e-01
 5.31106000e-01 6.74708000e-01
 4.94240000e-01 6.54240000e-01
 4.41244000e-01 6.52778000e-01
 4.27419000e-01 6.68860000e-01
 3.97465000e-01 6.98099000e-01
 3.97465000e-01 7.02485000e-01
 4.66590000e-01 6.76170000e-01
 5.08065000e-01 6.82018000e-01
 5.08065000e-01 6.84942000e-01
 5.47235000e-01 7.05409000e-01
 5.84101000e-01 7.09795000e-01
 6.11751000e-01 7.14181000e-01
 6.69355000e-01 7.11257000e-01
 6.34793000e-01 6.83480000e-01
 7.10829000e-01 6.84942000e-01
 6.92396000e-01 6.64474000e-01
 7.47696000e-01 6.55702000e-01
 7.29263000e-01 6.32310000e-01
 7.36175000e-01 6.07456000e-01
 7.43088000e-01 5.94298000e-01
 7.73041000e-01 5.82602000e-01
 7.47696000e-01 5.53363000e-01
 7.61521000e-01 5.43129000e-01
 8.07604000e-01 5.37281000e-01
 8.12212000e-01 5.46053000e-01
 8.30645000e-01 5.76754000e-01
 8.23733000e-01 5.85526000e-01
 7.93779000e-01 6.25000000e-01
 7.77650000e-01 6.41082000e-01
 7.56912000e-01 6.52778000e-01
 7.40783000e-01 6.71784000e-01
 7.22350000e-01 6.86404000e-01
 6.57834000e-01 6.86404000e-01
 6.44009000e-01 6.86404000e-01
 5.93318000e-01 6.74708000e-01
 5.40323000e-01 8.99854000e-01
 6.23272000e-01 8.95468000e-01
 6.50922000e-01 8.91082000e-01
 6.92396000e-01 8.82310000e-01
 6.39401000e-01 8.77924000e-01
 5.49539000e-01 8.86696000e-01
 5.40323000e-01 8.92544000e-01
 5.65668000e-01 9.08626000e-01
 6.32488000e-01 9.15936000e-01
 7.03917000e-01 9.07164000e-01
 7.50000000e-01 8.75000000e-01
 8.05300000e-01 7.93129000e-01
 8.37558000e-01 7.79971000e-01
 8.67512000e-01 7.75585000e-01
 9.04378000e-01 7.72661000e-01
 9.52765000e-01 7.74123000e-01
 9.75806000e-01 7.77047000e-01
 9.68894000e-01 8.01901000e-01
 9.27419000e-01 8.03363000e-01
 8.81336000e-01 8.00439000e-01
 8.51382000e-01 8.06287000e-01
 8.07604000e-01 8.45760000e-01
 8.00691000e-01 8.66228000e-01
 8.60599000e-01 8.50146000e-01
 9.08986000e-01 8.36988000e-01
 9.20507000e-01 8.26754000e-01
 9.55069000e-01 8.22368000e-01
 9.66590000e-01 8.22368000e-01
 9.68894000e-01 8.20906000e-01
 8.97465000e-01 8.19444000e-01
 8.51382000e-01 7.88743000e-01
 8.51382000e-01 7.85819000e-01
 8.55991000e-01 8.39912000e-01
 8.28341000e-01 8.50146000e-01
 6.00230000e-01 9.40789000e-01
 6.00230000e-01 9.40789000e-01
 4.82719000e-01 9.30556000e-01
 2.54608000e-01 9.51023000e-01
 2.26959000e-01 8.99854000e-01
 1.60138000e-01 8.91082000e-01
 1.76267000e-01 8.60380000e-01
 1.11751000e-01 8.66228000e-01
 7.48848000e-02 8.85234000e-01
 5.41475000e-02 8.83772000e-01
 4.49309000e-02 9.14474000e-01
 1.11751000e-01 9.13012000e-01
 1.04839000e-01 8.96930000e-01
 1.53226000e-01 8.85234000e-01
 1.99309000e-01 8.83772000e-01
 6.10599000e-02 9.11550000e-01
 5.64516000e-02 8.96930000e-01
 7.48848000e-02 8.79386000e-01
 9.33180000e-02 8.58918000e-01
 3.53687000e-01 7.14181000e-01
 3.09908000e-01 7.74123000e-01
 2.70737000e-01 7.44883000e-01
 3.00691000e-01 6.98099000e-01
 3.92857000e-01 6.73246000e-01
 4.04378000e-01 6.54240000e-01
 4.20507000e-01 6.38158000e-01
 4.45853000e-01 6.16228000e-01
 4.64286000e-01 6.04532000e-01
 3.74424000e-01 5.63596000e-01
 4.25115000e-01 5.28509000e-01
 3.69816000e-01 5.09503000e-01
 4.80415000e-01 6.42544000e-01
 4.29724000e-01 6.68860000e-01
 5.54147000e-01 6.79094000e-01
 6.20968000e-01 7.05409000e-01
 6.16359000e-01 7.39035000e-01
 6.62442000e-01 7.22953000e-01
 6.83180000e-01 7.05409000e-01
 6.92396000e-01 6.51316000e-01
 7.20046000e-01 6.41082000e-01
 7.26959000e-01 6.67398000e-01
 6.80876000e-01 6.95175000e-01
 6.55530000e-01 7.11257000e-01
 6.20968000e-01 7.22953000e-01
 5.91014000e-01 7.18567000e-01
 5.67972000e-01 6.87865000e-01
 5.67972000e-01 6.61550000e-01
 5.65668000e-01 6.48392000e-01
 6.27880000e-01 5.91374000e-01
 5.63364000e-01 5.95760000e-01
 6.18664000e-01 6.00146000e-01
 6.07143000e-01 6.22076000e-01
 5.88710000e-01 6.20614000e-01
 5.77189000e-01 5.94298000e-01
 5.84101000e-01 5.76754000e-01
 6.11751000e-01 5.66520000e-01
 6.23272000e-01 5.62135000e-01
 6.23272000e-01 5.57749000e-01
 5.97926000e-01 5.54825000e-01
 5.54147000e-01 5.47515000e-01
 5.44931000e-01 5.35819000e-01
 5.44931000e-01 5.32895000e-01
 5.70276000e-01 5.28509000e-01
 5.95622000e-01 5.27047000e-01
 5.97926000e-01 5.27047000e-01
 6.30184000e-01 5.29971000e-01
 6.57834000e-01 5.29971000e-01
 7.03917000e-01 5.27047000e-01
 7.06221000e-01 5.16813000e-01
 7.01613000e-01 5.10965000e-01
 6.64747000e-01 5.35819000e-01
 6.44009000e-01 5.63596000e-01
 6.44009000e-01 5.75292000e-01
 6.44009000e-01 5.88450000e-01
 6.37097000e-01 6.07456000e-01
 6.34793000e-01 6.16228000e-01
 5.88710000e-01 6.19152000e-01
 5.51843000e-01 6.07456000e-01
 5.61060000e-01 5.94298000e-01
 5.77189000e-01 5.41667000e-01
 5.51843000e-01 5.22661000e-01
 5.47235000e-01 5.10965000e-01
 5.47235000e-01 5.08041000e-01
 5.93318000e-01 5.16813000e-01
 6.69355000e-01 5.22661000e-01
 6.73963000e-01 5.24123000e-01
 6.62442000e-01 5.66520000e-01
 6.62442000e-01 5.66520000e-01
 6.41705000e-01 5.35819000e-01
 6.64747000e-01 5.16813000e-01
 5.79493000e-01 5.62135000e-01
 5.44931000e-01 5.70906000e-01
 5.47235000e-01 5.78216000e-01
 6.04839000e-01 5.95760000e-01
 6.50922000e-01 5.95760000e-01
 3.88249000e-01 6.45468000e-01
 3.69816000e-01 6.93713000e-01
 3.12212000e-01 7.06871000e-01
 3.12212000e-01 7.28801000e-01
 2.73041000e-01 7.12719000e-01
 3.05300000e-01 7.40497000e-01
 3.12212000e-01 7.53655000e-01
 2.54608000e-01 7.56579000e-01
 2.89171000e-01 7.41959000e-01
 2.73041000e-01 7.17105000e-01
 2.96083000e-01 6.87865000e-01
 3.44470000e-01 6.65936000e-01
 3.67512000e-01 6.51316000e-01
 3.92857000e-01 6.52778000e-01
 3.88249000e-01 6.08918000e-01
 4.06682000e-01 5.91374000e-01
 3.90553000e-01 5.63596000e-01
 4.02074000e-01 5.41667000e-01
 3.58295000e-01 5.43129000e-01
 3.39862000e-01 6.11842000e-01
 3.51382000e-01 6.89327000e-01
 3.05300000e-01 7.33187000e-01
 2.40783000e-01 7.49269000e-01
 2.82258000e-01 7.65351000e-01
 4.87327000e-01 6.67398000e-01
 5.19585000e-01 6.77632000e-01
 5.86406000e-01 6.86404000e-01
 6.34793000e-01 7.12719000e-01
 6.48618000e-01 7.28801000e-01
 6.64747000e-01 7.30263000e-01
 6.99309000e-01 7.01023000e-01
 7.52304000e-01 6.33772000e-01
 7.84562000e-01 5.51901000e-01
 8.02995000e-01 5.38743000e-01
 8.30645000e-01 5.32895000e-01
 6.09447000e-01 8.16520000e-01
 6.11751000e-01 7.85819000e-01
 5.74885000e-01 7.56579000e-01
 5.44931000e-01 7.27339000e-01
 5.58756000e-01 7.18567000e-01
 5.88710000e-01 7.22953000e-01
 5.95622000e-01 7.33187000e-01
 6.02535000e-01 7.52193000e-01
 5.70276000e-01 7.65351000e-01
 5.63364000e-01 7.77047000e-01
 5.77189000e-01 7.96053000e-01
 6.00230000e-01 8.13596000e-01
 6.18664000e-01 8.25292000e-01
 6.46313000e-01 7.96053000e-01
 6.37097000e-01 7.65351000e-01
 6.48618000e-01 7.39035000e-01
 6.50922000e-01 7.43421000e-01
 6.60138000e-01 7.41959000e-01
 6.60138000e-01 7.40497000e-01
 6.69355000e-01 7.52193000e-01
 6.34793000e-01 7.82895000e-01
 6.02535000e-01 7.75585000e-01
 6.04839000e-01 7.71199000e-01
 6.16359000e-01 7.55117000e-01
 6.57834000e-01 7.47807000e-01
 6.80876000e-01 7.40497000e-01
 6.97005000e-01 7.05409000e-01
 7.08525000e-01 6.74708000e-01
 7.36175000e-01 6.44006000e-01
 1.64747000e-01 8.12135000e-01
 1.50922000e-01 8.47222000e-01
 1.41705000e-01 8.16520000e-01
 1.34793000e-01 8.45760000e-01
 1.27880000e-01 8.77924000e-01
 8.41014000e-02 8.60380000e-01
 6.79724000e-02 8.26754000e-01
 1.23272000e-01 7.90205000e-01
 8.17972000e-02 8.01901000e-01
 1.37097000e-01 7.60965000e-01
 1.37097000e-01 7.12719000e-01
 1.50922000e-01 7.49269000e-01
 1.48618000e-01 6.73246000e-01
 2.13134000e-01 6.29386000e-01
 1.41705000e-01 5.95760000e-01
 1.69355000e-01 6.26462000e-01
 7.71889000e-02 6.23538000e-01
 5.64516000e-02 6.84942000e-01
 8.64055000e-02 7.40497000e-01
 7.02765000e-02 7.65351000e-01
 6.33641000e-02 8.20906000e-01
 5.41475000e-02 7.62427000e-01
 5.18433000e-02 6.95175000e-01
 8.17972000e-02 6.48392000e-01
 1.53226000e-01 5.94298000e-01
 2.08525000e-01 5.82602000e-01
 7.29263000e-01 6.92251000e-01
 8.05300000e-01 6.92251000e-01
 8.28341000e-01 6.92251000e-01
 8.55991000e-01 6.89327000e-01
 9.27419000e-01 6.74708000e-01
 9.75806000e-01 6.48392000e-01
 9.80415000e-01 6.36696000e-01
 8.99770000e-01 6.29386000e-01
 8.72120000e-01 6.20614000e-01
 8.49078000e-01 6.44006000e-01
 8.14516000e-01 6.54240000e-01
 7.84562000e-01 6.73246000e-01
 7.75346000e-01 6.84942000e-01
 7.75346000e-01 6.86404000e-01
 7.45392000e-01 6.92251000e-01
 8.09908000e-01 6.71784000e-01
 8.58295000e-01 6.79094000e-01
 8.62903000e-01 6.61550000e-01
 9.22811000e-01 6.57164000e-01
 9.41244000e-01 6.38158000e-01
 9.89631000e-01 6.38158000e-01
 9.87327000e-01 6.46930000e-01
 9.18203000e-01 6.79094000e-01
 8.42166000e-01 6.73246000e-01
 8.09908000e-01 6.58626000e-01
 7.26959000e-01 7.02485000e-01
 6.90092000e-01 7.03947000e-01
 6.90092000e-01 7.25877000e-01
 5.79493000e-01 7.37573000e-01
 4.73502000e-01 6.89327000e-01
 4.34332000e-01 6.74708000e-01
 2.50000000e-01 6.87865000e-01
 2.24654000e-01 7.22953000e-01
 1.80876000e-01 6.93713000e-01
 1.18664000e-01 5.72368000e-01
 1.64747000e-01 5.46053000e-01
 1.71659000e-01 5.29971000e-01
 1.55530000e-01 4.91959000e-01
 1.32488000e-01 5.48684000e-01
 1.25576000e-01 5.87573000e-01
 1.78571000e-01 5.75292000e-01
 2.22350000e-01 5.42544000e-01
 2.29263000e-01 5.67105000e-01
 2.01613000e-01 6.22368000e-01
 1.73963000e-01 6.20322000e-01
 1.41705000e-01 5.36404000e-01
 1.37097000e-01 5.09795000e-01
 7.71889000e-02 5.77339000e-01
 7.48848000e-02 5.95760000e-01
 1.32488000e-01 5.69152000e-01
 1.92396000e-01 5.40497000e-01
 7.48848000e-02 5.48684000e-01
 1.16359000e-01 5.44591000e-01
 1.25576000e-01 6.79678000e-01
 9.10138000e-02 7.69737000e-01
 1.50922000e-01 8.61842000e-01
 2.03917000e-01 9.27339000e-01
 2.66129000e-01 9.33480000e-01
 3.21429000e-01 9.39620000e-01
 5.05760000e-01 8.51754000e-01
 4.82719000e-01 8.18421000e-01
 5.08065000e-01 8.13158000e-01
 4.85023000e-01 7.95614000e-01
 4.78111000e-01 7.72807000e-01
 4.78111000e-01 7.46491000e-01
 4.59677000e-01 7.46491000e-01
 4.59677000e-01 7.62281000e-01
 4.78111000e-01 7.86842000e-01
 4.59677000e-01 8.06140000e-01
 4.61982000e-01 8.32456000e-01
 4.73502000e-01 8.74561000e-01
 4.75806000e-01 9.11404000e-01
 4.48157000e-01 9.00877000e-01
 4.96544000e-01 8.57018000e-01
 5.14977000e-01 8.18421000e-01
 4.78111000e-01 7.72807000e-01
 4.75806000e-01 7.30702000e-01
 4.36636000e-01 7.53509000e-01
 4.68894000e-01 7.64035000e-01
 3.83641000e-01 4.85088000e-01
 3.53687000e-01 4.71053000e-01
 3.69816000e-01 4.51754000e-01
 3.55991000e-01 4.35965000e-01
 3.44470000e-01 4.21930000e-01
 3.49078000e-01 4.11404000e-01
 3.81336000e-01 4.28947000e-01
 3.81336000e-01 4.55263000e-01
 3.79032000e-01 4.92105000e-01
 3.85945000e-01 5.14912000e-01
 4.15899000e-01 5.35965000e-01
 4.13594000e-01 5.16667000e-01
 4.04378000e-01 5.00877000e-01
 4.11290000e-01 4.74561000e-01
 4.04378000e-01 4.50000000e-01
 3.95161000e-01 4.34211000e-01
 3.97465000e-01 4.23684000e-01
 4.08986000e-01 4.16667000e-01
 7.89171000e-01 5.23684000e-01
 8.07604000e-01 4.88596000e-01
 8.05300000e-01 4.78070000e-01
 7.84562000e-01 4.41228000e-01
 7.82258000e-01 4.25439000e-01
 8.30645000e-01 4.21930000e-01
 8.39862000e-01 4.41228000e-01
 8.23733000e-01 4.65789000e-01
 8.39862000e-01 4.99123000e-01
 8.39862000e-01 5.21930000e-01
 8.32949000e-01 5.53509000e-01
 8.42166000e-01 5.74561000e-01
 8.60599000e-01 5.86842000e-01
 8.12212000e-01 5.11404000e-01
 7.98387000e-01 5.02632000e-01
 8.02995000e-01 4.76316000e-01
 7.75346000e-01 4.28947000e-01
 7.36175000e-01 4.16667000e-01
 7.82258000e-01 4.69298000e-01
 7.82258000e-01 4.60526000e-01
 7.59217000e-01 4.50000000e-01
 7.45392000e-01 4.51754000e-01
 7.40783000e-01 4.46491000e-01
 7.33871000e-01 4.39474000e-01
 6.99309000e-01 4.48246000e-01
 6.97005000e-01 4.65789000e-01
 6.92396000e-01 4.65789000e-01
 6.76267000e-01 4.64035000e-01
 6.57834000e-01 4.58772000e-01
 6.57834000e-01 4.58772000e-01
 6.44009000e-01 4.55263000e-01
 6.48618000e-01 4.37719000e-01
 6.18664000e-01 4.23684000e-01
 5.58756000e-01 4.14912000e-01
 5.54147000e-01 4.16667000e-01
 5.91014000e-01 4.41228000e-01
 6.09447000e-01 4.48246000e-01
 6.20968000e-01 4.71053000e-01
 6.27880000e-01 4.78070000e-01
 6.44009000e-01 4.78070000e-01
 6.62442000e-01 4.74561000e-01
 6.80876000e-01 4.74561000e-01
 6.32488000e-01 4.74561000e-01
 5.88710000e-01 4.51754000e-01
 5.81797000e-01 4.32456000e-01
 5.70276000e-01 4.11404000e-01
 5.58756000e-01 4.06140000e-01
 5.54147000e-01 4.99123000e-01
 5.14977000e-01 5.16667000e-01
 5.10369000e-01 5.04386000e-01
 5.17281000e-01 4.95614000e-01
 5.54147000e-01 4.90351000e-01
 5.54147000e-01 4.76316000e-01
 5.40323000e-01 4.72807000e-01
 5.28802000e-01 4.86842000e-01
 5.03456000e-01 4.85088000e-01
 4.91935000e-01 4.65789000e-01
 5.17281000e-01 4.62281000e-01
 5.26498000e-01 4.58772000e-01
 5.40323000e-01 4.39474000e-01
 5.17281000e-01 4.35965000e-01
 4.96544000e-01 4.21930000e-01
 4.89631000e-01 4.18421000e-01
 4.73502000e-01 4.16667000e-01
 4.87327000e-01 4.48246000e-01
 5.08065000e-01 4.50000000e-01
 5.14977000e-01 4.88596000e-01
 4.50461000e-01 4.55263000e-01
 4.75806000e-01 4.35965000e-01
 4.73502000e-01 4.20175000e-01
 4.57373000e-01 4.11404000e-01
 4.50461000e-01 4.09649000e-01
 4.87327000e-01 4.58772000e-01
 5.33410000e-01 5.35965000e-01
 5.38018000e-01 5.72807000e-01
 5.28802000e-01 5.35965000e-01
 5.12673000e-01 4.99123000e-01
 1.85484000e-01 5.11404000e-01
 2.08525000e-01 5.27193000e-01
 1.90092000e-01 5.20175000e-01
 1.87788000e-01 4.97368000e-01
 1.90092000e-01 4.79825000e-01
 1.97005000e-01 4.50000000e-01
 1.94700000e-01 4.27193000e-01
 1.76267000e-01 4.07895000e-01
 1.46313000e-01 4.02632000e-01
 1.32488000e-01 4.41228000e-01
 1.57834000e-01 4.64035000e-01
 1.64747000e-01 4.64035000e-01
 1.18664000e-01 4.88596000e-01
 1.27880000e-01 5.09649000e-01
 1.60138000e-01 4.67544000e-01
 1.73963000e-01 4.32456000e-01
 1.57834000e-01 4.25439000e-01
 1.83180000e-01 4.20175000e-01
 2.06221000e-01 4.79825000e-01
 2.15438000e-01 5.16667000e-01
 2.26959000e-01 5.32456000e-01
 1.16359000e-01 5.25439000e-01
 1.16359000e-01 4.85088000e-01
 1.37097000e-01 4.55263000e-01
 1.00230000e-01 4.44737000e-01
 2.13134000e-01 4.83333000e-01
 2.61521000e-01 5.35965000e-01
 2.52304000e-01 5.53509000e-01
 7.10829000e-01 9.81579000e-01
 6.62442000e-01 9.69298000e-01
 6.94700000e-01 9.86842000e-01
 7.15438000e-01 9.58772000e-01
 3.72120000e-01 9.88596000e-01
 3.74424000e-01 9.67544000e-01
 4.15899000e-01 9.71053000e-01
 2.26959000e-01 7.92105000e-01
 2.47696000e-01 8.34211000e-01
 2.73041000e-01 8.58772000e-01
 2.91475000e-01 8.62281000e-01
 2.22350000e-01 8.13158000e-01
 2.24654000e-01 7.97368000e-01
 2.03917000e-01 7.74561000e-01
 1.85484000e-01 7.55263000e-01
 2.06221000e-01 7.28947000e-01
 2.45392000e-01 7.23684000e-01
 2.22350000e-01 7.06140000e-01
 2.26959000e-01 6.95614000e-01
 2.59217000e-01 6.81579000e-01
 2.24654000e-01 6.60526000e-01
 2.03917000e-01 6.48246000e-01
 1.99309000e-01 6.55263000e-01
 2.33871000e-01 6.97368000e-01
 2.56912000e-01 7.27193000e-01
 2.54608000e-01 6.65789000e-01
 2.66129000e-01 6.41228000e-01
 2.43088000e-01 6.35965000e-01
 2.33871000e-01 6.18421000e-01
 2.40783000e-01 6.13158000e-01
 2.73041000e-01 6.25439000e-01
 2.89171000e-01 6.25439000e-01
 3.02995000e-01 6.14912000e-01
 3.19124000e-01 6.00877000e-01
 3.37558000e-01 5.85088000e-01
 3.62903000e-01 5.48246000e-01
 3.74424000e-01 5.28947000e-01
 6.04839000e-01 8.44737000e-01
 5.70276000e-01 8.16667000e-01
 5.63364000e-01 8.04386000e-01
 6.23272000e-01 8.14912000e-01
 6.64747000e-01 8.04386000e-01
 6.64747000e-01 7.83333000e-01
 6.87788000e-01 7.48246000e-01
 7.17742000e-01 7.16667000e-01
 7.38479000e-01 7.02632000e-01
 7.40783000e-01 7.35965000e-01
 7.10829000e-01 7.37719000e-01
 6.85484000e-01 7.65789000e-01
 6.83180000e-01 7.76316000e-01
 6.87788000e-01 8.02632000e-01
 6.87788000e-01 8.20175000e-01
 6.69355000e-01 8.37719000e-01
 6.55530000e-01 8.44737000e-01
 6.39401000e-01 8.18421000e-01
 6.39401000e-01 8.39474000e-01
 5.84101000e-01 8.39474000e-01
 5.63364000e-01 7.97368000e-01
 5.47235000e-01 7.72807000e-01
 5.67972000e-01 8.42982000e-01
 5.81797000e-01 8.69298000e-01
 5.95622000e-01 8.71053000e-01
 6.25576000e-01 8.69298000e-01
 6.48618000e-01 8.57018000e-01
 6.37097000e-01 8.39474000e-01
 6.41705000e-01 8.04386000e-01
 6.67051000e-01 8.57018000e-01
 7.06221000e-01 8.21930000e-01
 9.61982000e-01 5.79825000e-01
 9.27419000e-01 5.92105000e-01
 9.27419000e-01 5.72807000e-01
 9.48157000e-01 5.69298000e-01
 9.61982000e-01 5.50000000e-01
 9.57373000e-01 5.57018000e-01
 9.15899000e-01 5.57018000e-01
 9.15899000e-01 5.57018000e-01
 9.22811000e-01 5.28947000e-01
 9.25115000e-01 5.14912000e-01
 9.36636000e-01 4.99123000e-01
 9.68894000e-01 4.90351000e-01
 9.98848000e-01 5.14912000e-01
 9.59677000e-01 5.42982000e-01
 9.55069000e-01 5.28947000e-01
 9.41244000e-01 5.00877000e-01
 9.18203000e-01 4.86842000e-01
 9.11290000e-01 4.81579000e-01
 9.13594000e-01 4.65789000e-01
 9.06682000e-01 4.42982000e-01
 8.79032000e-01 4.21930000e-01
 8.74424000e-01 4.07895000e-01
 9.27419000e-01 4.07895000e-01
 9.48157000e-01 4.11404000e-01
 9.61982000e-01 4.13158000e-01
 9.66590000e-01 4.25439000e-01
 9.66590000e-01 4.34211000e-01
 9.48157000e-01 4.34211000e-01
 9.34332000e-01 4.35965000e-01
 9.48157000e-01 4.69298000e-01
 9.64286000e-01 4.74561000e-01
 9.89631000e-01 4.53509000e-01
 9.87327000e-01 4.35965000e-01
 9.66590000e-01 5.16667000e-01
 9.59677000e-01 5.57018000e-01
 9.04378000e-01 5.60526000e-01
 9.15899000e-01 5.25439000e-01
 9.22811000e-01 4.93860000e-01
 9.11290000e-01 4.53509000e-01
 8.90553000e-01 4.44737000e-01
 8.74424000e-01 5.07895000e-01
 8.97465000e-01 5.27193000e-01
 9.13594000e-01 5.37719000e-01
 9.68894000e-01 5.65789000e-01
 9.85023000e-01 5.79825000e-01
 9.94240000e-01 5.16667000e-01
 9.64286000e-01 4.72807000e-01
 9.75806000e-01 4.39474000e-01
 9.89631000e-01 4.25439000e-01
 9.96544000e-01 4.14912000e-01
