 -1.58986000e-01 4.23977000e-01
 -3.47926000e-01 4.70760000e-01
 -5.04608000e-01 3.53801000e-01
 -5.96774000e-01 1.14035000e-01
 -5.18433000e-01 -1.72515000e-01
 -2.92627000e-01 -2.07602000e-01
 -1.58986000e-01 -4.38596000e-02
 -5.76037000e-02 1.43275000e-01
 -7.14286000e-02 2.71930000e-01
 -2.97235000e-01 3.47953000e-01
 -4.17051000e-01 2.01754000e-01
 -4.40092000e-01 8.77193000e-03
 -3.24885000e-01 -3.21637000e-02
 -2.46544000e-01 5.55556000e-02
 -2.18894000e-01 2.01754000e-01
 -3.43318000e-01 1.60819000e-01
 -5.09217000e-01 7.89474000e-02
 -3.84793000e-01 -9.06433000e-02
 -1.49770000e-01 1.25731000e-01
 -1.95853000e-01 3.24561000e-01
 -3.91705000e-02 -2.19298000e-01
 -1.08295000e-01 -3.01170000e-01
 -1.86636000e-01 -3.30409000e-01
 -2.18894000e-01 -4.23977000e-01
 -8.06452000e-02 -5.64327000e-01
 6.68203000e-02 -5.17544000e-01
 9.44700000e-02 -3.24561000e-01
 1.86636000e-01 -1.66667000e-01
 6.22120000e-02 -7.30994000e-02
 2.07373000e-02 -1.95906000e-01
 2.99539000e-02 -3.42105000e-01
 -9.90783000e-02 -3.77193000e-01
 -6.91244000e-03 -4.64912000e-01
 1.31336000e-01 -4.29825000e-01
 2.32719000e-01 -1.95906000e-01
 8.52535000e-02 -8.47953000e-02
 -1.31336000e-01 -2.36842000e-01
 2.30415000e-03 -1.25731000e-01
 1.22120000e-01 -2.92398000e-03
 -3.47926000e-01 -3.12865000e-01
 -2.28111000e-01 -1.25731000e-01
 -7.60369000e-02 1.46199000e-02
 4.37788000e-02 2.04678000e-02
 1.15207000e-02 1.54971000e-01
 -4.17051000e-01 -1.60819000e-01
 -3.15668000e-01 -3.18713000e-01
 1.26728000e-01 -2.19298000e-01
 2.05069000e-01 -3.12865000e-01
 2.18894000e-01 -4.59064000e-01
 7.14286000e-02 -6.46199000e-01
 -1.31336000e-01 -6.05263000e-01
 -2.09677000e-01 -5.81871000e-01
 -2.28111000e-01 -4.29825000e-01
 -1.45161000e-01 -4.12281000e-01
 -6.68203000e-02 -4.82456000e-01
 1.35945000e-01 -5.11696000e-01
 2.69585000e-01 -4.06433000e-01
 2.97235000e-01 -2.95322000e-01
 2.74194000e-01 -1.72515000e-01
 2.55760000e-01 -4.97076000e-02
 2.23502000e-01 -4.97076000e-02
 1.82028000e-01 -8.47953000e-02
 1.58986000e-01 -1.54971000e-01
 7.14286000e-02 -2.13450000e-01
 1.61290000e-02 -2.66082000e-01
 -2.53456000e-02 -3.83041000e-01
 -1.15207000e-02 -4.82456000e-01
 -2.30415000e-03 -5.05848000e-01
 2.53456000e-02 -5.11696000e-01
 2.53456000e-02 -5.58480000e-01
 1.15207000e-02 -6.57895000e-01
 -4.83871000e-02 -6.46199000e-01
 -8.52535000e-02 -5.52632000e-01
 -9.90783000e-02 -5.00000000e-01
 -1.61290000e-02 -4.23977000e-01
 1.31336000e-01 -3.59649000e-01
 2.23502000e-01 -3.71345000e-01
 2.92627000e-01 -3.01170000e-01
 2.60369000e-01 -2.07602000e-01
 2.00461000e-01 -2.25146000e-01
 1.72811000e-01 -2.71930000e-01
 -1.31336000e-01 9.06433000e-02
 -1.49770000e-01 7.30994000e-02
 -2.41935000e-01 6.14035000e-02
 -3.01843000e-01 1.78363000e-01
 -2.97235000e-01 1.95906000e-01
 -2.74194000e-01 3.07018000e-01
 -3.24885000e-01 2.95322000e-01
 -3.98618000e-01 2.66082000e-01
 -4.35484000e-01 1.60819000e-01
 -4.72350000e-01 7.89474000e-02
 -3.38710000e-01 4.38596000e-02
 -2.69585000e-01 4.38596000e-02
 -2.55760000e-01 1.02339000e-01
 -1.68203000e-01 2.66082000e-01
 -1.12903000e-01 3.01170000e-01
 -3.91705000e-02 3.47953000e-01
 -1.26728000e-01 4.41520000e-01
 -2.32719000e-01 4.41520000e-01
 -3.38710000e-01 4.18129000e-01
 -4.12442000e-01 3.53801000e-01
 -5.09217000e-01 2.19298000e-01
 -5.41475000e-01 1.46199000e-02
 -5.04608000e-01 -1.25731000e-01
 -4.90783000e-01 -1.43275000e-01
 -3.61751000e-01 -1.37427000e-01
 -2.69585000e-01 -8.47953000e-02
 -2.23502000e-01 -7.89474000e-02
 -1.86636000e-01 -3.80117000e-02
 -1.54378000e-01 -8.77193000e-03
 -1.12903000e-01 5.55556000e-02
 -8.52535000e-02 1.37427000e-01
 -8.52535000e-02 2.77778000e-01
 -1.68203000e-01 3.01170000e-01
 -1.91244000e-01 1.95906000e-01
 -1.40553000e-01 -4.97076000e-02
 -2.99539000e-02 6.72515000e-02
 -2.00461000e-01 -2.30994000e-01
 -1.08295000e-01 -8.47953000e-02
 3.45622000e-02 6.72515000e-02
 8.06452000e-02 1.19883000e-01
 -3.85369000e-01 3.30409000e-02
 -3.81221000e-01 1.31287000e-01
 -3.52189000e-01 2.58187000e-01
 -3.54263000e-01 3.64620000e-01
 -4.14401000e-01 -6.92982000e-02
 -4.99424000e-01 -3.24561000e-02
 -2.98272000e-01 -9.79532000e-02
 -3.16935000e-01 -1.83918000e-01
 -3.68779000e-01 -2.90351000e-01
 -3.56336000e-01 -3.96784000e-01
 -2.71313000e-01 4.38596000e-03
 -1.77995000e-01 8.62573000e-02
 -2.46429000e-01 1.43567000e-01
 -2.50576000e-01 2.29532000e-01
 -2.21544000e-01 3.76901000e-01
 -2.15323000e-01 2.95029000e-01
 -1.30300000e-01 2.17251000e-01
 -2.07028000e-01 2.89474000e-02
 -9.71198000e-02 2.13158000e-01
 -3.90553000e-02 2.58187000e-01
 1.90092000e-02 4.01462000e-01
 -3.69816000e-02 4.21930000e-01
 -6.39401000e-02 3.31871000e-01
 -1.30300000e-01 3.76901000e-01
 -3.75000000e-01 -4.37719000e-01
 -3.95737000e-01 -3.51754000e-01
 -3.54263000e-01 -2.08480000e-01
 -4.37212000e-01 -3.76316000e-01
 -4.80760000e-01 -5.03216000e-01
 -4.10253000e-01 -4.66374000e-01
 -2.48502000e-01 -2.57602000e-01
 -2.27765000e-01 -3.14912000e-01
 -2.83756000e-01 -3.84503000e-01
 -2.92051000e-01 -4.54094000e-01
 -3.37673000e-01 -5.19591000e-01
 -2.77535000e-01 -5.48246000e-01
 -2.07028000e-01 -5.35965000e-01
 -1.86290000e-01 -4.78655000e-01
 -1.32373000e-01 -5.07310000e-01
 -1.77995000e-01 -2.98538000e-01
 -1.65553000e-01 -1.75731000e-01
 -1.61406000e-01 -1.26608000e-01
 3.45622000e-04 2.58187000e-01
 7.91475000e-02 3.56433000e-01
 -2.66129000e-02 1.80409000e-01
 -5.35714000e-02 7.80702000e-02
 -1.41705000e-02 -5.29240000e-02
 -7.01613000e-02 -1.63450000e-01
 -6.39401000e-02 -2.94444000e-01
 -3.07604000e-02 -4.66374000e-01
 -5.77189000e-02 -5.27778000e-01
 -5.35714000e-02 -3.96784000e-01
 5.21889000e-02 -4.17251000e-01
 -1.62442000e-02 -1.67544000e-01
 -6.39401000e-02 -8.56725000e-02
 -6.18664000e-02 -1.60819000e-02
 -3.80184000e-03 4.38596000e-03
 4.18203000e-02 2.04971000e-01
 7.91475000e-02 1.92690000e-01
 4.59677000e-02 2.54094000e-01
 1.18548000e-01 1.92690000e-01
 1.10253000e-01 8.62573000e-02
 1.08180000e-01 -6.92982000e-02
 1.66244000e-01 -2.42690000e-02
 1.41359000e-01 6.57895000e-02
 1.43433000e-01 1.68129000e-01
 1.70392000e-01 1.92690000e-01
 1.08180000e-01 2.99123000e-01
 1.18548000e-01 3.19591000e-01
 1.26843000e-01 3.93275000e-01
 -8.67512000e-02 4.21930000e-01
 -4.73502000e-02 5.07895000e-01
 2.52304000e-02 5.20175000e-01
 6.25576000e-02 5.52924000e-01
 -5.87558000e-03 4.42398000e-01
 -5.14977000e-02 5.73392000e-01
 -8.05300000e-02 5.07895000e-01
 -1.53111000e-01 5.52924000e-01
 -1.11636000e-01 5.48830000e-01
 -1.63479000e-01 4.91520000e-01
 -2.52650000e-01 -1.88012000e-01
 -2.46429000e-01 -3.65497000e-02
 -3.21083000e-01 -4.33626000e-01
 -3.31452000e-01 -6.05556000e-01
 -3.85369000e-01 -5.15497000e-01
 -3.99885000e-01 -6.21930000e-01
 -1.24078000e-01 -1.26608000e-01
 -3.16935000e-01 -2.28947000e-01
 -2.94124000e-01 -1.34795000e-01
 -1.53111000e-01 1.84503000e-01
